102 62 191 18 378 285 372 253 33 203
42 211 366 264 434 480 107 472 62 458
332 352 165 336 34 165 99 488 386 304
214 250 253 262 257 23 60 369 409 249
382 90 439 231 130 258 34 282 190 198
314 17 167 277 152 297 38 66 405 462
432 46 103 309 203 51 348 18 476 290
275 224 252 161 225 190 284 369 55 465
478 98 412 177 232 433 238 18 259 392
51 450 51 310 189 110 476 119 65 212
414 256 309 244 29 115 163 4 433 45
167 179 354 468 98 114 127 30 259 64
440 282 358 397 469 343 321 17 334 177
484 35 456 281 197 325 413 209 80 462
383 116 247 233 20 331 273 27 92 122
233 246 125 16 194 76 83 421 417 211
492 489 216 77 97 173 4 189 304 435
215 478 15 23 110 416 471 11 319 258
280 7 1 386 46 437 433 361 65 203
134 484 115 340 451 116 50 377 408 227
252 164 227 166 113 166 357 407 155 215
126 221 59 133 384 98 376 447 21 421
401 87 238 141 241 331 321 53 200 221
221 90 156 379 377 252 310 446 287 483
340 394 254 427 339 441 181 486 245 263
156 83 365 333 465 416 234 316 266 378
259 246 323 189 420 108 28 52 253 334
30 358 162 182 383 180 365 415 46 221
201 101 357 30 24 38 100 242 371 60
381 400 219 388 458 490 397 356 461 357
4 169 268 174 37 352 187 369 432 392 140 344 487 303 268 387 134 80 411 398
19 110 257 423 327 5 226 212 23 415 160 257 279 140 394 208 157 203 246 102
312 276 2 452 290 127 480 195 214 475 262 304 458 347 355 365 337 93 257 348
435 410 292 264 131 126 154 37 2 70 7 1 381 181 448 452 278 196 57 40
342 453 387 121 187 56 124 230 460 244 84 157 27 50 180 264 334 67 317 398
29 353 140 144 223 149 264 317 123 384 21 244 248 424 454 133 469 391 38 226
482 153 394 226 54 243 382 80 56 191 234 172 346 413 424 197 313 43 415 298
21 346 107 204 187 91 148 357 352 412 202 356 233 314 449 188 71 264 43 267
140 164 321 64 294 200 33 306 90 196 464 273 325 22 329 167 23 372 356 214
4 450 443 264 214 385 252 339 155 305 362 50 437 18 320 465 410 428 420 435
291 214 23 151 379
235 278 90 180 427
281 122 79 273 439
57 227 282 479 80
203 461 157 110 118
185 124 360 348 392
228 256 463 295 246
50 340 205 347 341
162 422 126 237 73
133 349 68 451 144
102 62 191 18 378 285 372 253 33 203
44 213 37 266 436 482 109 116 142 460
40 305 166 283 443 481 232 442 387 193
215 492 254 486 258 108 61 370 393 250
237 114 17 231 130 361 236 282 293 198
314 17 167 277 359 297 38 66 405 462
433 306 361 110 204 17 308 254 477 291
148 223 251 160 224 473 267 368 54 464
323 98 412 177 365 433 411 238 211 392
53 452 53 312 191 112 478 121 67 214
412 127 307 242 27 113 161 2 431 352
185 178 353 467 97 113 126 29 258 63
438 280 356 395 467 341 319 15 332 411
485 36 457 282 198 326 414 210 81 463
382 115 246 232 19 330 272 26 91 121
235 248 127 18 196 78 85 423 419 213
491 488 215 76 96 172 3 188 303 434
218 481 18 26 113 419 474 14 322 261
278 5 101 384 44 435 431 359 63 201
135 485 116 341 452 117 51 378 409 354
252 164 227 166 113 166 357 407 155 215
124 219 57 131 382 96 374 445 19 419
400 86 237 140 240 330 320 52 199 220
218 87 153 376 374 249 307 443 284 480
339 393 253 426 338 440 180 485 244 262
155 82 364 332 464 415 233 315 265 377
257 244 321 187 418 106 110 50 251 332
30 358 162 182 383 180 365 415 46 221
202 102 358 31 25 39 101 243 372 61
379 398 217 386 456 488 395 354 459 355
6 171 270 176 39 354 189 371 434 394 142 346 489 305 270 389 136 82 413 400
18 109 256 422 326 4 225 211 22 414 159 256 278 139 393 207 156 202 245 101
314 278 4 454 292 262 482 197 216 477 264 306 460 349 357 367 339 95 259 350
435 410 292 264 131 126 154 37 2 70 7 1 381 181 448 452 278 196 57 40
343 454 388 122 188 57 125 231 461 245 85 158 28 51 181 265 335 68 318 399
29 353 140 144 223 149 264 317 123 384 21 244 248 424 454 133 469 391 38 226
483 154 395 329 55 244 383 81 57 192 235 173 347 414 425 198 314 44 416 299
21 346 107 204 187 91 148 357 352 412 202 356 233 314 449 188 71 264 43 267
140 164 419 64 294 200 33 306 90 196 464 273 325 22 329 167 241 372 356 214
5 451 444 265 215 386 253 340 156 306 363 51 438 19 321 466 411 429 421 436
292 215 24 152 380
235 278 90 180 427
281 122 79 273 439
57 227 282 479 80
204 462 158 111 119
186 125 361 349 393
230 258 465 297 248
49 339 204 346 340
164 424 128 239 75
134 350 69 452 145
102 62 191 18 378 285 372 253 33 203
44 213 368 249 428 482 109 47 64 460
332 31 212 336 34 165 231 488 386 304
213 249 252 261 256 22 59 368 408 248
236 113 123 230 129 468 235 281 292 197
299 19 169 314 154 299 40 68 407 464
434 48 105 311 205 18 309 255 478 344
273 222 250 159 223 459 282 367 53 463
324 99 246 178 366 481 412 239 212 393
352 451 65 311 376 111 477 120 66 213
413 255 308 243 28 114 162 3 432 353
166 178 353 57 97 113 126 29 471 63
440 282 358 397 469 343 321 17 334 43
485 36 457 282 198 326 414 210 81 463
381 114 245 231 18 329 271 25 90 120
233 246 125 16 194 76 83 421 417 211
491 488 215 76 96 172 3 188 303 434
217 480 17 25 112 418 473 13 321 260
278 5 101 384 44 435 431 195 63 201
134 484 115 340 451 116 50 377 408 227
252 164 227 166 113 166 357 407 155 215
126 221 59 133 384 98 376 447 21 421
399 85 236 139 239 329 319 51 198 219
220 89 155 378 376 251 309 445 286 482
340 394 254 427 339 441 181 486 245 263
155 82 364 332 464 415 233 315 265 377
258 245 322 188 419 107 27 51 252 333
32 360 164 184 385 182 367 417 48 223
204 104 360 33 27 41 103 245 374 63
379 398 217 386 456 488 395 354 459 355
5 170 269 175 38 353 188 370 433 393 141 345 488 304 269 388 135 81 412 399
17 108 255 421 325 3 224 210 21 413 158 255 277 138 400 206 155 201 244 100
313 277 3 453 291 128 481 196 215 476 263 305 459 348 356 366 338 94 258 349
436 411 293 265 132 127 155 38 3 71 8 2 382 182 449 453 279 197 58 41
345 456 390 124 190 59 127 233 463 247 87 160 30 53 183 267 337 70 320 401
28 352 139 143 222 148 263 316 122 383 20 243 247 423 453 132 468 390 37 225
482 153 394 328 54 243 382 80 56 191 234 172 346 413 424 197 313 43 415 298
21 346 107 204 187 91 148 357 352 412 202 356 233 314 449 188 71 264 43 267
139 163 418 63 293 199 32 305 89 195 463 272 324 21 328 166 240 371 355 213
2 448 441 262 212 383 250 337 153 303 360 48 435 16 318 463 408 426 418 433
289 212 21 149 377
230 276 88 178 425
282 123 80 474 440
57 227 282 479 80
205 463 159 112 120
184 123 359 347 200
229 257 464 296 247
48 338 203 345 339
164 424 128 239 75
135 351 70 453 146
3 62 191 231 378 285 372 253 33 203
43 212 367 265 435 481 108 473 63 459
331 351 164 335 476 164 230 487 141 255
458 249 252 261 256 22 59 368 408 248
236 113 123 62 129 360 235 351 189 197
299 19 169 420 142 269 40 68 407 464
434 48 362 111 205 18 309 255 478 344
276 225 253 162 226 191 285 370 56 466
325 100 247 179 367 435 360 320 213 394
51 450 64 310 288 110 476 119 327 212
413 255 308 243 28 114 162 3 432 353
168 180 355 59 99 115 128 31 473 65
439 281 357 396 468 342 320 332 333 42
485 36 457 282 198 326 414 210 81 463
381 114 245 231 18 329 271 25 90 120
234 247 126 17 195 77 84 422 418 212
491 488 215 76 96 172 3 188 303 434
216 479 16 24 111 417 472 12 320 259
279 6 102 385 45 436 432 360 64 202
136 99 117 342 453 118 52 379 410 355
252 164 227 166 113 166 357 407 155 215
126 221 59 133 384 98 376 447 21 421
399 85 236 139 239 329 319 51 198 219
220 89 155 378 376 251 309 445 286 482
339 393 253 426 338 440 180 485 244 262
155 82 364 332 464 415 233 315 265 377
257 244 321 187 418 106 110 50 251 332
30 358 162 182 383 180 365 415 46 221
203 103 359 32 26 40 102 244 373 62
380 399 218 387 457 489 396 355 460 356
5 170 269 175 38 353 188 370 433 393 141 345 488 304 269 388 135 81 412 399
18 109 256 422 326 4 225 211 22 414 159 256 278 139 401 207 156 202 245 101
313 277 3 453 291 128 481 196 215 476 263 305 459 348 356 366 338 94 258 349
434 409 291 263 130 125 153 36 1 69 6 0 380 180 447 451 277 195 56 39
343 454 388 122 188 57 125 231 461 245 85 158 28 51 181 265 335 68 318 399
28 352 139 143 222 148 263 316 122 383 20 243 247 423 453 132 468 390 37 225
481 152 393 225 53 242 381 79 55 190 233 171 345 412 423 196 312 42 414 297
20 345 106 203 186 90 147 356 351 411 201 355 232 313 448 187 70 263 42 266
137 161 318 61 291 197 30 303 87 193 461 270 322 19 326 164 20 369 353 211
4 450 443 264 214 385 252 339 155 305 362 50 437 18 320 465 410 428 420 435
290 213 22 150 378
232 278 90 180 427
280 121 78 472 438
58 228 283 480 81
204 462 158 111 119
186 125 361 349 393
229 257 464 296 247
49 339 204 346 340
162 422 126 237 73
135 351 70 453 146
3 62 191 18 378 285 372 253 33 203
41 210 365 263 235 479 106 471 61 457
331 351 164 335 38 164 230 487 141 255
215 251 254 263 258 24 61 370 410 250
237 114 17 231 130 361 236 352 190 148
315 18 168 313 360 298 39 67 406 463
432 305 360 109 203 16 103 253 274 290
274 223 251 160 224 189 267 145 54 464
322 298 244 176 364 432 410 389 210 391
351 450 51 310 189 110 476 119 327 346
411 253 306 241 26 112 160 1 430 351
184 177 352 466 96 112 125 28 470 62
438 280 356 395 467 341 319 15 332 41
486 37 458 283 199 327 415 211 82 464
383 116 247 233 20 331 273 27 92 122
233 246 125 462 194 76 83 421 417 211
490 487 214 75 95 171 2 187 302 433
215 478 15 23 110 416 471 11 319 258
278 366 101 384 44 435 431 359 63 201
136 99 117 342 453 118 52 379 410 229
251 163 226 165 112 165 356 406 154 214
124 219 57 131 382 96 374 445 19 419
400 86 237 140 240 330 320 52 199 220
220 89 155 378 376 251 309 445 286 482
340 394 254 427 339 441 181 486 245 263
155 82 364 332 464 415 233 315 265 377
258 245 322 188 419 107 111 51 252 333
31 359 163 314 384 181 366 416 47 222
203 103 359 32 26 40 222 244 373 62
380 399 218 387 457 489 396 355 460 356
6 171 270 176 39 354 189 371 434 394 142 346 489 305 270 389 136 82 413 400
16 107 254 420 324 2 223 209 20 412 157 254 276 137 399 205 154 200 243 99
313 277 3 453 291 128 481 196 215 476 263 305 459 348 356 366 338 94 258 349
434 409 291 263 130 125 153 36 1 69 6 0 380 180 447 451 277 195 56 39
344 455 389 123 189 58 126 232 462 246 86 159 29 52 182 266 336 69 319 400
28 352 139 143 222 148 263 316 122 383 20 243 247 423 453 132 468 390 129 225
482 153 394 328 54 243 382 80 56 191 234 172 346 413 424 197 313 43 415 298
20 345 106 203 186 90 147 356 351 411 201 355 93 313 448 187 70 263 42 266
137 161 318 61 291 197 30 303 87 193 461 270 322 19 326 164 238 369 353 211
4 450 443 264 214 385 252 339 155 305 362 50 437 18 320 465 410 428 420 435
291 214 23 151 379
233 279 91 181 428
281 122 79 273 439
57 227 282 479 80
205 463 159 112 120
183 122 358 346 199
228 256 463 295 246
49 339 204 346 340
163 423 127 238 74
132 348 67 450 143
